support_idx,support_size,loss,loss_ema,log_grad_ema,val_mse,val_rmse,val_mae,val_r2,val_heldout_loglik,val_nll,dS,churn,pred_improve_rel,loss_improve_rel,grad_slope,expected_support_soft,softgate_entropy,beta_soft_sd_mean,beta_soft_abs_mean,softgate_churn,softgate_mean,softgate_sd,softgate_q05,softgate_q25,softgate_q50,softgate_q75,softgate_q95,softgate_mean_j_q05,softgate_mean_j_q25,softgate_mean_j_q50,softgate_mean_j_q75,softgate_mean_j_q95,softgate_mean_j_sum,softgate_sd_j_median,softgate_sd_j_q90,gate_entropy_mean,gate_entropy_median,gate_entropy_q90,beta_abs_mean,beta_abs_median,beta_abs_q75,beta_abs_q90,beta_abs_q95,beta_mean_abs_j_median,beta_mean_abs_j_q90,beta_mean_abs_j_q95,beta_soft_sd_j_mean,beta_soft_sd_j_median,beta_soft_sd_j_q75,beta_soft_sd_j_q90,beta_soft_sd_j_q95,beta_l2_draw_mean,beta_l2_draw_sd,pip_hard_mean,pip_hard_q50,pip_hard_q75,pip_hard_q90,pip_hard_q95,expected_support_softgate,expected_support_hard,ckpt_id,stage,is_warmup,epoch,epoch_in_stage,tau,lr,grad_norm,log_grad,lasso_recovery_score,alert,best_so_far
"[4, 9, 11, 12, 17, 18, 22, 23, 24, 25, 28, 31, 34, 35, 42, 43, 46, 47, 50, 52, 55, 56, 58, 61, 64, 66, 68, 70, 72, 73, 74, 79, 80, 81, 85, 87, 92, 94]",38,1167.15270996,1167.15270996,7.73146621,13.51215458,3.67588827,3.02523685,-0.00325259,-6.17063332,6.17063332,0,0.0,0.0,0.0,0.0,49.86931992,0.69060588,0.04105277,0.03273311,0.0,0.4986932,0.03557818,0.43958175,0.47466663,0.49932456,0.52320242,0.55618942,0.4956696,0.49745044,0.49868578,0.49979487,0.50113124,49.86932373,0.03553642,0.03721514,0.69060588,0.69196916,0.69310445,0.03273312,0.02752233,0.04679146,0.06739392,0.08093148,0.00182104,0.00423989,0.00510705,0.04105277,0.0409933,0.0424956,0.04353855,0.04426993,0.40959176,0.03468157,0.49187499,0.4921875,0.51171875,0.52734375,0.53515625,49.86932373,49.1875,0,0,True,1,1,0.8,1e-05,2278.94116211,7.73146621,9.73328918,False,True
"[0, 1, 5, 6, 7, 8, 11, 12, 13, 14, 15, 16, 17, 18, 20, 21, 22, 24, 27, 28, 29, 30, 31, 32, 33, 34, 35, 40, 41, 42, 43, 44, 45, 46, 47, 48, 49, 50, 52, 53, 54, 55, 57, 58, 59, 60, 62, 63, 65, 66, 67, 68, 69, 70, 71, 72, 74, 75, 76, 78, 79, 80, 81, 83, 84, 85, 86, 87, 89, 90, 91, 92, 94, 98]",74,1058.27575684,1096.0925449,7.69754357,13.57399273,3.68428999,3.03378057,-0.00784396,-5.64729738,5.64729738,36,0.63414634,0.0,0.09328424,-0.03392264,50.73424149,0.68989486,0.04400736,0.0418156,0.01110416,0.50734246,0.03958616,0.44237509,0.48067838,0.50698882,0.53446198,0.5727241,0.49111605,0.50065875,0.50965559,0.51510942,0.51952004,50.73424149,0.03833702,0.04007353,0.68989486,0.69167781,0.69309527,0.04181561,0.03560195,0.06025714,0.08518835,0.1018183,0.02802229,0.03194999,0.03329322,0.04400737,0.04395818,0.04520487,0.04704116,0.0480269,0.51989484,0.04403577,0.56828123,0.59765625,0.6484375,0.68007815,0.6875,50.73424149,56.828125,1,0,True,25,25,0.8,1e-05,2186.20751953,7.6899236,9.4286945,False,True
"[0, 1, 4, 5, 6, 7, 8, 9, 11, 12, 13, 14, 15, 16, 17, 18, 20, 21, 22, 24, 26, 27, 28, 29, 30, 31, 32, 33, 34, 35, 37, 38, 40, 41, 42, 43, 44, 45, 46, 47, 48, 49, 50, 52, 53, 54, 55, 56, 57, 58, 59, 60, 61, 62, 63, 64, 65, 66, 67, 68, 69, 70, 71, 72, 74, 75, 76, 77, 78, 79, 80, 81, 83, 84, 85, 86, 87, 88, 89, 90, 91, 92, 94, 97, 98, 99]",86,941.40374756,983.10786456,7.71844969,14.61120796,3.82246098,3.1835475,-0.08485528,-5.54625463,5.54625463,12,0.13953488,0.0,0.11043625,0.02090613,54.1711235,0.68527448,0.05043019,0.06602696,0.03448172,0.54171121,0.04660177,0.46229956,0.5103187,0.54349726,0.57449925,0.61540383,0.49172947,0.52175701,0.55322182,0.56161642,0.56751221,54.17111969,0.03890894,0.04089883,0.6852746,0.68866873,0.69297624,0.06602697,0.06032403,0.09469046,0.12618183,0.14491044,0.06210953,0.06951244,0.06989739,0.0504302,0.0506424,0.05266286,0.05465939,0.05553598,0.7880075,0.0605443,0.81062502,0.90820312,0.9453125,0.95351565,0.96503901,54.17111969,81.0625,2,0,True,50,50,0.8,1e-05,2274.1171875,7.72934721,8.98936563,False,True
"[0, 1, 4, 5, 6, 7, 8, 9, 11, 12, 13, 14, 15, 16, 17, 18, 20, 21, 22, 23, 24, 26, 27, 28, 29, 30, 31, 32, 33, 34, 35, 37, 38, 40, 41, 42, 43, 44, 45, 46, 47, 48, 49, 50, 52, 53, 54, 55, 56, 57, 58, 59, 60, 61, 62, 63, 64, 65, 66, 67, 68, 69, 70, 71, 72, 74, 75, 76, 77, 78, 79, 80, 81, 82, 83, 84, 85, 86, 87, 88, 89, 90, 91, 92, 93, 94, 95, 97, 98, 99]",90,805.21099854,854.89269915,7.72678947,17.12983131,4.13882004,3.43101025,-0.27185843,-6.07468271,6.07468271,4,0.04444444,0.0,0.14466986,0.00833977,58.68841171,0.66901422,0.05889509,0.10648413,0.04547416,0.58688408,0.0658482,0.46650875,0.54291594,0.59596604,0.63537383,0.68178082,0.49011004,0.54394078,0.61553341,0.62533855,0.631001,58.68840408,0.04256082,0.04588799,0.66901422,0.6743933,0.69237339,0.10648412,0.10288308,0.14555936,0.18668358,0.21089132,0.10989149,0.12688613,0.12956749,0.05889508,0.0600575,0.06319112,0.06666572,0.06764612,1.21805084,0.08997057,0.88164061,0.99609375,1.0,1.0,1.0,58.68840408,88.1640625,3,0,True,75,75,0.8,1e-05,2246.08813477,7.71694538,8.32341729,False,True
"[0, 1, 4, 5, 6, 7, 8, 9, 10, 11, 12, 13, 14, 15, 16, 17, 18, 20, 21, 22, 24, 26, 27, 28, 29, 30, 31, 32, 33, 34, 35, 37, 38, 40, 41, 42, 43, 44, 45, 46, 47, 48, 49, 50, 52, 53, 54, 55, 56, 57, 58, 59, 60, 61, 62, 63, 64, 65, 66, 67, 68, 69, 70, 71, 72, 74, 75, 76, 77, 78, 79, 80, 81, 82, 83, 84, 85, 86, 87, 89, 90, 91, 92, 93, 94, 95, 96, 97, 98, 99]",90,660.51342773,712.23743851,7.58555779,20.98301697,4.58072232,3.6414957,-0.55795036,-6.21450949,6.21450949,0,0.04347826,0.0,0.17970143,-0.14123168,63.98857498,0.63470685,0.07136397,0.17088304,0.05384941,0.63988572,0.09332366,0.46647385,0.56772768,0.66786253,0.71139729,0.75737602,0.4899632,0.55682433,0.69054395,0.70283777,0.70907867,63.9885788,0.0433994,0.04970639,0.63470697,0.63568014,0.69186664,0.17088303,0.16775669,0.23132332,0.28932604,0.32420909,0.17770517,0.23383884,0.23828326,0.07136397,0.07420006,0.08010494,0.08424591,0.08640017,1.92148709,0.12737131,0.8941406,1.0,1.0,1.0,1.0,63.9885788,89.4140625,4,0,True,100,100,0.8,1e-05,1771.37145996,7.47950936,7.18840437,False,True
"[0, 1, 4, 5, 6, 7, 8, 9, 11, 12, 13, 14, 15, 16, 17, 18, 20, 21, 22, 24, 26, 27, 28, 29, 30, 31, 32, 33, 34, 35, 37, 38, 40, 41, 42, 43, 44, 45, 46, 47, 48, 49, 50, 51, 52, 53, 54, 55, 56, 57, 58, 59, 60, 61, 62, 63, 64, 65, 66, 67, 68, 69, 70, 71, 72, 74, 75, 76, 77, 78, 79, 80, 81, 82, 83, 84, 85, 86, 87, 89, 90, 91, 92, 93, 94, 95, 97, 98, 99]",89,546.26159668,584.09926215,7.03086271,28.23760414,5.31390667,4.14680529,-1.0965901,-7.38457489,7.38457489,-1,0.03296703,0.0,0.17297427,-0.55469507,68.86631012,0.58589953,0.08662146,0.2470912,0.05037624,0.68866313,0.12216631,0.46185887,0.58174825,0.7352494,0.78381944,0.82969403,0.48699275,0.55648786,0.7520209,0.77279818,0.79662406,68.86631775,0.0420377,0.05588429,0.58589947,0.57796502,0.69132364,0.24709122,0.23445515,0.35072646,0.45486659,0.51219332,0.23360173,0.42641979,0.44005451,0.08662146,0.08704938,0.10134748,0.10772566,0.11281183,2.88433266,0.18576777,0.89570314,1.0,1.0,1.0,1.0,68.86631775,89.5703125,5,0,True,125,125,0.8,1e-05,903.26275635,6.80601349,5.89497509,False,True
"[0, 1, 5, 6, 7, 8, 9, 11, 12, 13, 14, 15, 16, 17, 18, 20, 21, 22, 24, 27, 28, 30, 31, 32, 33, 34, 35, 40, 41, 43, 44, 45, 46, 47, 48, 49, 52, 53, 54, 55, 56, 58, 59, 60, 61, 62, 63, 64, 65, 66, 67, 68, 69, 70, 71, 72, 74, 75, 76, 78, 79, 80, 83, 85, 86, 87, 90, 91, 92, 94, 95, 98]",72,482.78109741,503.6961186,6.37653217,28.40990829,5.33009459,4.00938225,-1.10938337,-7.09133911,7.09133911,-17,0.19101124,0.0,0.11620897,-0.65433055,64.36872864,0.60690302,0.08816382,0.25379118,0.04693719,0.64368737,0.14242567,0.39049357,0.51346707,0.69226205,0.75563067,0.81931871,0.40929323,0.4847936,0.70167214,0.74405813,0.80249369,64.36873627,0.04524614,0.05559205,0.60690296,0.61649156,0.69088227,0.25379115,0.20344983,0.38013491,0.54254943,0.63816482,0.17369045,0.49663454,0.61407137,0.08816382,0.08283766,0.10429884,0.11958303,0.12846668,3.21179771,0.21054904,0.76999998,1.0,1.0,1.0,1.0,64.36873627,77.0,6,0,True,150,150,0.8,1e-05,468.17337036,6.14883868,4.54628072,False,True
"[0, 1, 5, 6, 7, 8, 9, 11, 12, 13, 14, 15, 16, 17, 18, 20, 21, 22, 24, 27, 28, 30, 31, 32, 33, 34, 35, 40, 41, 43, 44, 45, 46, 47, 48, 49, 52, 53, 54, 55, 58, 59, 60, 61, 62, 63, 64, 65, 66, 67, 68, 69, 70, 71, 72, 74, 75, 78, 79, 80, 83, 85, 86, 87, 90, 91, 92, 94, 98]",69,439.96618652,453.61057891,5.89329895,21.53851318,4.64096037,3.4001205,-0.59919493,-5.97619247,5.97619247,-3,0.04166667,0.24186615,0.0886839,-0.48323322,57.74603653,0.63060212,0.08604334,0.24872848,0.06717273,0.57746041,0.15475571,0.31254542,0.44209999,0.61264074,0.69710112,0.79782355,0.33862934,0.42100239,0.62611699,0.68454498,0.77576959,57.74603653,0.05558469,0.06035634,0.63060212,0.64771628,0.68958175,0.24872848,0.18913642,0.36163056,0.53958523,0.69154412,0.178716,0.4802947,0.68120861,0.08604336,0.08299772,0.09801584,0.11197017,0.12883303,3.2840066,0.22549778,0.67996097,0.984375,1.0,1.0,1.0,57.74603653,67.99609375,7,0,True,175,175,0.8,1e-05,317.09292603,5.75919487,3.75231395,False,True
"[0, 1, 5, 6, 7, 8, 11, 13, 14, 15, 16, 17, 18, 20, 21, 22, 24, 27, 30, 31, 32, 33, 34, 35, 40, 41, 43, 44, 46, 47, 49, 54, 55, 59, 60, 62, 63, 65, 66, 67, 68, 69, 70, 71, 72, 74, 75, 78, 79, 80, 83, 86, 87, 90, 91, 92, 98]",57,404.09313965,415.90113756,5.73334698,16.02701378,4.0033753,3.00101829,-0.18997626,-4.47360086,4.47360086,-12,0.17391304,0.25589043,0.08153592,-0.15995197,50.7191925,0.63750952,0.08590456,0.24339099,0.07067006,0.5071919,0.1628356,0.24707265,0.37378207,0.51670456,0.62686419,0.77353042,0.27040422,0.36665741,0.52647048,0.61872387,0.74260926,50.71918869,0.06456737,0.07105891,0.63750952,0.66070747,0.69188499,0.24339099,0.18003392,0.33546218,0.52252179,0.71986836,0.18240325,0.44312856,0.65593505,0.08590456,0.08085661,0.09494685,0.1119056,0.12846901,3.32893062,0.23284246,0.5355469,0.66210938,0.95898438,0.99609375,1.0,50.71918869,53.5546875,8,0,True,200,200,0.8,1e-05,296.43106079,5.69181468,3.07356845,False,True
"[0, 5, 8, 11, 17, 20, 24, 27, 30, 31, 33, 40, 41, 43, 44, 46, 49, 59, 63, 66, 68, 69, 70, 71, 74, 78, 79, 83, 86, 90, 91, 92, 98]",33,369.9805603,381.20514228,5.72709259,9.76329803,3.12462766,2.36506033,0.2750931,-2.74289346,2.74289346,-24,0.42105263,0.39082238,0.08441762,-0.00625439,43.31037903,0.6202392,0.088293,0.23866837,0.07419968,0.43310374,0.17281301,0.18014845,0.29784477,0.41914687,0.54749024,0.74990869,0.22038184,0.30249023,0.42599651,0.53413016,0.71192509,43.31037903,0.08033942,0.0895212,0.6202392,0.65338844,0.6918599,0.23866837,0.16896148,0.32017973,0.51687807,0.73895234,0.15920271,0.46669784,0.68585873,0.08829301,0.08113734,0.10327312,0.11652188,0.13532631,3.36216283,0.26002905,0.33933595,0.20117188,0.65234375,0.9375,1.0,43.31037903,33.93359375,9,0,True,225,225,0.8,1e-05,375.1534729,5.9273352,2.61049156,False,True
"[17, 24, 30, 33, 40, 41, 68, 69, 71, 74, 79, 90, 91, 98]",14,338.20516968,349.08733837,5.7260588,5.07843971,2.25353937,1.7477181,0.6229352,-2.25037169,2.25037169,-19,0.57575758,0.47984383,0.08588395,-0.00103378,36.18160629,0.58331978,0.09080608,0.22195961,0.07128776,0.36181605,0.17804652,0.12382567,0.22803603,0.33357662,0.46277615,0.7195242,0.18175106,0.24759515,0.33261353,0.43995321,0.67987627,36.18160629,0.10074313,0.11257896,0.58331984,0.61712277,0.68982255,0.22195964,0.14727625,0.28667358,0.49608877,0.73501742,0.14783667,0.42628548,0.70611614,0.0908061,0.08296909,0.1039472,0.12541083,0.15417792,3.26505589,0.26653743,0.20101562,0.07421875,0.28710938,0.6328125,0.97304684,36.18160629,20.1015625,10,0,True,250,250,0.8,1e-05,307.32144165,5.72789424,2.35214204,False,True
"[24, 30, 41, 68, 69, 74, 79, 90, 98]",9,312.01480103,320.8819557,5.74502667,3.26835966,1.80786052,1.44791615,0.75733031,-2.03825355,2.03825355,-5,0.35714286,0.35642444,0.07743929,0.01896787,31.53290939,0.54278487,0.09579559,0.20453067,0.04720218,0.31532905,0.18469048,0.0848297,0.17861237,0.27729505,0.40977016,0.70772684,0.16743058,0.21887004,0.28629112,0.34821722,0.70427591,31.53290749,0.11814037,0.13627581,0.54278487,0.57333744,0.68611223,0.20453067,0.12371886,0.24973357,0.46122187,0.75993073,0.12207455,0.37371266,0.7825824,0.09579559,0.08719648,0.1065869,0.13047174,0.15875825,3.22066283,0.28598681,0.15023437,0.06445312,0.13085938,0.42812496,0.94707012,31.53290749,15.0234375,11,0,True,275,275,0.8,1e-05,290.37939453,5.67118832,2.30006687,False,True
"[24, 30, 68, 74, 79, 90, 98]",7,289.92544556,298.68468667,5.91045758,2.64470077,1.6262536,1.3056531,0.80363584,-1.92295623,1.92295623,-2,0.22222222,0.19081709,0.07079586,0.1654309,26.59437752,0.48966438,0.09188379,0.18388216,0.04966133,0.26594377,0.18801935,0.0532192,0.12901521,0.21856055,0.34959841,0.69291931,0.13402803,0.17479675,0.23034328,0.27721357,0.69355464,26.59437561,0.11767369,0.141298,0.48966438,0.5125227,0.67786002,0.18388216,0.09438435,0.21072331,0.41766772,0.79375279,0.09404793,0.37234899,0.85278702,0.09188379,0.08014572,0.09912375,0.1329543,0.16101019,3.18991947,0.30471092,0.1125,0.0390625,0.06347656,0.21132812,0.96875,26.59437561,11.25,12,0,True,300,300,0.8,1e-05,322.99987793,5.77765195,2.1243938,False,True
"[24, 30, 68, 74, 79, 90, 98]",7,291.99667358,298.01588537,5.88967502,2.50343537,1.58222482,1.27078986,0.81412453,-1.90431643,1.90431643,0,0.0,0.05341451,0.0,-0.02078256,26.67931747,0.49165794,0.09311856,0.18391629,0.00804397,0.26679319,0.18668818,0.0524651,0.12994979,0.22070019,0.35233611,0.68297863,0.13068102,0.18207894,0.23591483,0.27833319,0.68587023,26.67931938,0.11770709,0.14092533,0.49165791,0.51633608,0.67867512,0.18391629,0.0946718,0.21103662,0.42347038,0.78673798,0.09347624,0.37432078,0.84765238,0.09311857,0.08469898,0.10220489,0.13817304,0.16012485,3.18746185,0.30576214,0.11253906,0.03710938,0.0703125,0.24609375,0.96503901,26.67931938,11.25390625,13,1,False,301,1,0.8,1e-05,299.65505981,5.70263201,2.04367085,False,True
"[24, 30, 68, 74, 90, 98]",6,271.39825439,278.95814945,5.80800764,2.576998,1.60530309,1.29042232,0.80866265,-1.8724314,1.8724314,-1,0.14285714,0.0,0.07054334,-0.08166738,21.81766701,0.42903769,0.08822437,0.16674298,0.04865653,0.21817666,0.18588713,0.0295901,0.08651136,0.1633338,0.28593719,0.65571362,0.09915368,0.1343201,0.18482558,0.22087032,0.64843512,21.81766701,0.10838094,0.13651709,0.42903769,0.4394491,0.66067636,0.16674298,0.06799325,0.17379713,0.39651066,0.8321501,0.06391478,0.32272324,0.86899304,0.08822437,0.07773834,0.0919789,0.13707075,0.15921833,3.20904398,0.32562467,0.08753906,0.01953125,0.03613281,0.12109375,0.93007809,21.81766701,8.75390625,14,1,False,325,25,0.8,1e-05,307.63064575,5.72889986,1.88980081,False,True
"[24, 30, 68, 74, 90, 98]",6,253.73622131,259.1250218,5.55687128,3.19450927,1.78731902,1.38591278,0.76281357,-2.00325727,2.00325727,0,0.0,0.0,0.06507792,-0.25113636,17.78222847,0.36905003,0.08252954,0.15583831,0.0408607,0.17782232,0.18176718,0.01710606,0.05820245,0.11918035,0.22417435,0.62756783,0.07171505,0.10241949,0.13655165,0.16162626,0.61439896,17.78223228,0.09634487,0.11684253,0.36905003,0.36243409,0.62651604,0.15583831,0.05065008,0.14200288,0.36962709,0.8932007,0.04297871,0.28431949,0.88652319,0.08252954,0.0709632,0.08600675,0.13561794,0.16332079,3.29625916,0.31213379,0.07089844,0.0078125,0.015625,0.02773437,0.89492148,17.78223228,7.08984375,15,1,False,350,50,0.8,1e-05,210.78871155,5.35085626,1.63674002,False,True
"[24, 30, 68, 74, 90, 98]",6,234.868927,241.19640973,5.63103331,3.46368122,1.86109678,1.46886241,0.74282805,-2.13175774,2.13175774,0,0.0,0.0,0.07435791,0.07416202,14.5503931,0.31576732,0.07616839,0.14552706,0.0328714,0.14550392,0.1757624,0.01153501,0.04114227,0.08648235,0.17139895,0.60088515,0.05447903,0.07514097,0.0987192,0.12227653,0.56490427,14.55039215,0.07913974,0.09289832,0.31576732,0.2926611,0.58206093,0.14552706,0.0389235,0.1169323,0.34955141,0.90556306,0.02902671,0.29016644,0.86567938,0.07616839,0.06136944,0.08282203,0.13477615,0.16529641,3.29638243,0.29812205,0.06023438,0.0,0.00390625,0.01171875,0.74570209,14.55039215,6.0234375,16,1,False,375,75,0.8,1e-05,280.61566162,5.63698598,1.53914897,False,True
"[24, 30, 68, 74, 90, 98]",6,224.61941528,228.04674393,5.75997851,3.58044219,1.89220564,1.49865699,0.73415876,-2.11841488,2.11841488,0,0.0,0.0,0.04363928,0.1289452,13.59418201,0.29595375,0.07690914,0.1455567,0.01173007,0.1359418,0.17697586,0.01031167,0.03679011,0.07645775,0.15109697,0.60403472,0.04721812,0.06948571,0.08512288,0.11218837,0.57278126,13.59418201,0.0667135,0.08472699,0.29595372,0.26800865,0.56029594,0.1455567,0.03676159,0.11075994,0.35415122,0.94009203,0.02302209,0.27782288,0.90648848,0.07690914,0.06357962,0.07894225,0.13070804,0.16626237,3.35519934,0.28578135,0.05925781,0.0,0.00390625,0.0078125,0.76484275,13.59418201,5.92578125,17,1,False,400,100,0.8,1e-05,389.35119629,5.96448175,1.48538387,False,True
"[24, 30, 68, 74, 90, 98]",6,214.06918335,218.91585212,5.58389069,3.65219927,1.91107281,1.5104351,0.72883093,-2.17729354,2.17729354,0,0.0,0.0,0.04696937,-0.17608781,13.00216484,0.28264359,0.0749991,0.14450245,0.00854113,0.13002166,0.17838451,0.01017548,0.03394264,0.07002309,0.14062455,0.61162508,0.04692577,0.06190416,0.07390983,0.10241492,0.57568759,13.00216484,0.06123733,0.0774664,0.28264356,0.25157142,0.54222655,0.14450246,0.03426937,0.10330459,0.36422718,0.94796503,0.02093893,0.29376015,0.91313946,0.07499911,0.0609802,0.08034963,0.13118814,0.15780333,3.37834382,0.25370017,0.05902344,0.0,0.0,0.00390625,0.80605388,13.00216484,5.90234375,18,1,False,425,125,0.8,1e-05,295.20996094,5.68768684,1.39791641,False,True
"[24, 30, 68, 74, 90, 98]",6,210.74267578,211.88065539,5.46707099,3.65444875,1.91166125,1.50024784,0.72866391,-2.30856752,2.30856752,0,0.0,0.0,0.0155394,-0.1168197,12.2743578,0.26594204,0.07282609,0.1413976,0.00905735,0.12274357,0.17958327,0.00869095,0.0304336,0.06294592,0.12557396,0.60436726,0.04343294,0.05821183,0.06633936,0.09081247,0.56105179,12.27435684,0.05602476,0.07374305,0.26594207,0.23297425,0.51952952,0.1413976,0.03190598,0.09674629,0.3481628,0.96650732,0.0201009,0.27062473,0.89993495,0.07282609,0.05874821,0.0790712,0.12942031,0.15340047,3.3712709,0.27702734,0.05800781,0.0,0.0,0.00390625,0.75781143,12.27435684,5.80078125,19,1,False,450,150,0.8,1e-05,201.89068604,5.30772639,1.26587986,False,True
"[24, 30, 68, 74, 90, 98]",6,201.8502655,204.94834723,5.50697654,3.64890361,1.91021036,1.4922452,0.72907563,-2.39093161,2.39093161,0,0.0,0.00151737,0.04219558,0.03990555,11.87721825,0.25367123,0.06940535,0.14064199,0.00667435,0.11877219,0.18293142,0.00785047,0.0282332,0.057491,0.11749237,0.61346346,0.03933128,0.05429739,0.06107397,0.08542474,0.56378829,11.87721825,0.05245269,0.06964803,0.25367123,0.21739547,0.50293177,0.14064199,0.02994165,0.09284586,0.35369858,0.97311842,0.0191177,0.30361757,0.90834743,0.06940535,0.05512977,0.07571229,0.13572228,0.15107799,3.40153694,0.21751671,0.05792969,0.0,0.0,0.00390625,0.75488162,11.87721825,5.79296875,20,1,False,475,175,0.8,1e-05,265.52920532,5.58172484,1.31894039,False,False
"[24, 30, 68, 74, 90, 98]",6,196.58900452,199.40598875,5.46935525,3.49314976,1.86899699,1.45079112,0.74064006,-2.16969323,2.16969323,0,0.0,0.04268511,0.02606517,-0.03762129,12.15611935,0.25789067,0.06749614,0.14093828,0.00539069,0.12156119,0.1853475,0.00870666,0.02999608,0.0604353,0.11872313,0.62529969,0.04337582,0.05522652,0.06229188,0.08908673,0.57696193,12.15611935,0.05129191,0.06964495,0.2578907,0.22512935,0.5037151,0.14093828,0.0307674,0.09435649,0.36202684,0.96517205,0.01847503,0.30884245,0.91385818,0.06749614,0.05140052,0.07745136,0.13261797,0.15085547,3.36159611,0.21341851,0.05898438,0.0,0.0,0.00390625,0.84765553,12.15611935,5.8984375,21,1,False,500,200,0.8,1e-05,267.25250244,5.58819391,1.2329508,False,True
"[24, 30, 68, 74, 90, 98]",6,190.82847595,194.02313528,5.45615786,3.51283002,1.87425452,1.44902384,0.73917884,-2.32230425,2.32230425,0,0.0,0.0,0.02930239,-0.01319739,11.32771873,0.23512407,0.06154496,0.13791648,0.01044891,0.11327717,0.18875274,0.00707405,0.024659,0.05141801,0.10519209,0.63618845,0.03430216,0.04489624,0.05403423,0.07608511,0.56358182,11.32771778,0.04353629,0.06445266,0.23512407,0.19859903,0.47325695,0.13791648,0.02648674,0.08719344,0.34253955,0.99558949,0.01771292,0.29448876,0.91413736,0.06154496,0.04761273,0.068156,0.12576683,0.14615865,3.40930891,0.22369269,0.05804687,0.0,0.0,0.00390625,0.78085834,11.32771778,5.8046875,22,1,False,525,225,0.8,1e-05,297.36157227,5.69494881,1.22125462,False,True
"[24, 30, 68, 74, 90, 98]",6,187.33485413,189.2577941,5.378995,3.46397614,1.86117601,1.45146704,0.74280615,-2.37772417,2.37772417,0,0.0,0.01390727,0.01830765,-0.07716286,11.71715069,0.2411589,0.06166028,0.13890789,0.00564116,0.11717152,0.19192743,0.00796436,0.02747075,0.05461075,0.10781054,0.64373559,0.0386092,0.04713384,0.05492385,0.0801755,0.58399671,11.71715164,0.0443757,0.06609495,0.24115889,0.20665984,0.47569093,0.13890789,0.02771723,0.08885577,0.35399741,0.98511231,0.01586325,0.31036165,0.92061621,0.06166027,0.04719756,0.07175687,0.132084,0.1437521,3.37615681,0.20861995,0.05949219,0.0,0.0,0.00429687,0.87753844,11.71715164,5.94921875,23,1,False,550,250,0.8,1e-05,212.93508911,5.36098737,1.16461164,False,True
"[24, 30, 68, 74, 90, 98]",6,183.17294312,184.81624637,5.23776191,3.38526964,1.83991023,1.43855321,0.74864996,-2.35934782,2.35934782,0,0.0,0.02272143,0.02221643,-0.14123309,11.52082253,0.23242603,0.05779794,0.13928069,0.00508117,0.11520825,0.19568734,0.00761526,0.02625258,0.05169101,0.10300289,0.654064,0.03215363,0.04380585,0.05197019,0.07894956,0.58080417,11.52082443,0.03954284,0.05897624,0.23242603,0.19659555,0.46079686,0.13928069,0.02669163,0.08784658,0.36376101,0.98753494,0.01726078,0.33824992,0.90601832,0.05779794,0.04336615,0.06859091,0.12301651,0.13864182,3.39652014,0.19060253,0.05921875,0.0,0.0,0.0,0.87753844,11.52082443,5.921875,24,1,False,575,275,0.8,1e-05,161.49462891,5.08447188,1.1246491,False,True
"[24, 30, 68, 74, 90, 98]",6,177.59672546,180.10380396,5.19153169,3.27784038,1.8104807,1.4378376,0.75662639,-2.35914421,2.35914421,0,0.0,0.03173433,0.03044237,-0.04623022,11.4818058,0.22771148,0.0555712,0.139356,0.0040141,0.11481807,0.19891481,0.00730754,0.02557511,0.05047677,0.10177481,0.67698771,0.03257732,0.04342457,0.04970825,0.07486075,0.5916611,11.48180676,0.03789853,0.05485727,0.2277115,0.19241852,0.45374188,0.13935599,0.02552317,0.08798786,0.36474127,0.99662185,0.01860464,0.33511785,0.91324735,0.05557121,0.04044155,0.0671218,0.12662031,0.13388017,3.40293479,0.18553321,0.05929688,0.0,0.0,0.00039062,0.90351516,11.48180676,5.9296875,25,1,False,600,300,0.8,1e-05,144.39930725,4.97258243,1.11792272,False,True
"[24, 30, 68, 74, 90, 98]",6,173.9437561,175.46507238,5.17549268,3.18573833,1.78486367,1.42448068,0.7634648,-2.25692749,2.25692749,0,0.0,0.02809839,0.0205689,-0.01603901,11.32777691,0.22175473,0.05401649,0.13804407,0.00381085,0.11327778,0.2008073,0.00672472,0.02439233,0.04829242,0.09790637,0.67448294,0.02922682,0.04017689,0.0477567,0.0754365,0.59085631,11.32777882,0.03531555,0.05522593,0.22175473,0.18544389,0.44277781,0.13804407,0.02461114,0.08669656,0.37203923,0.99195993,0.01740278,0.35805914,0.90666819,0.05401649,0.03788124,0.06581199,0.11533689,0.13322523,3.37317419,0.17441267,0.05894531,0.0,0.0,0.00039062,0.88476509,11.32777882,5.89453125,26,1,False,625,325,0.8,1e-05,179.98565674,5.19287716,1.08412875,False,True
"[24, 30, 68, 74, 90, 98]",6,171.07217407,171.37135645,5.13295226,3.08841968,1.75739002,1.40251708,0.77069053,-2.29965019,2.29965019,0,0.0,0.03054822,0.01650868,-0.04254042,11.36119652,0.21842684,0.05169562,0.13831089,0.00358057,0.11361198,0.20406865,0.00696945,0.02410272,0.04699537,0.09787124,0.68707132,0.02980637,0.0384179,0.046036,0.07492061,0.59299642,11.36119843,0.03444721,0.0538012,0.21842682,0.18102016,0.44089243,0.13831089,0.02377622,0.08521923,0.3806836,0.97260875,0.01800985,0.37092146,0.8898682,0.05169562,0.03490787,0.06160921,0.12134347,0.13183042,3.37452388,0.16487457,0.05925781,0.0,0.0,0.00039062,0.89238226,11.36119843,5.92578125,27,1,False,650,350,0.8,1e-05,170.00489807,5.13582725,1.033543,False,True
"[24, 30, 68, 74, 90, 98]",6,165.56280518,167.31381676,5.15492837,3.06913972,1.75189604,1.41154075,0.77212203,-2.29956865,2.29956865,0,0.0,0.00624266,0.03220494,0.02197611,11.4134388,0.21573122,0.04916976,0.13942018,0.00350352,0.11413439,0.20737667,0.00689637,0.02422556,0.04685014,0.09604014,0.71045458,0.02512997,0.03620849,0.04555125,0.07770785,0.60760421,11.41343975,0.03089041,0.04887483,0.21573122,0.17936665,0.4333145,0.13942018,0.02412717,0.08791781,0.37757596,0.99347454,0.01884458,0.37634471,0.8948707,0.04916976,0.03260216,0.06596918,0.10787102,0.12880248,3.37930012,0.14553809,0.05933594,0.0,0.0,0.0,0.91093707,11.41343975,5.93359375,28,1,False,675,375,0.8,1e-05,161.009552,5.08146369,1.07246829,False,False
"[24, 30, 68, 74, 90, 98]",6,162.12136841,163.55167977,5.06378548,3.03008509,1.74071396,1.4125855,0.77502176,-2.30729985,2.30729985,0,0.0,0.01272494,0.02078629,-0.09114289,11.13308048,0.20557661,0.04739174,0.13860548,0.00441179,0.11133081,0.20965278,0.00605326,0.02195493,0.04330503,0.09128998,0.70979649,0.02434477,0.03304641,0.04065601,0.07317667,0.61201578,11.13308144,0.03087207,0.04779354,0.20557663,0.16827288,0.42162043,0.13860549,0.02208148,0.08837304,0.37470341,0.99036187,0.01796099,0.37471157,0.90371072,0.04739174,0.02962642,0.06157025,0.11517728,0.12713586,3.39674258,0.15207036,0.05941406,0.0,0.0,0.0,0.93691373,11.13308144,5.94140625,29,1,False,700,400,0.8,1e-05,136.97964478,4.91983234,0.99955473,False,True
"[24, 30, 68, 74, 90, 98]",6,159.05906677,159.96051134,5.1439299,3.01001406,1.73493921,1.41164827,0.776512,-2.31149459,2.31149459,0,0.0,0.00662392,0.01888895,0.08014442,10.92037296,0.19568062,0.04366943,0.1399134,0.00413094,0.10920373,0.21288744,0.0052521,0.01984012,0.03941729,0.08669173,0.72813946,0.02013185,0.02987273,0.03725703,0.07001801,0.61885327,10.92037201,0.02529382,0.0462093,0.19568062,0.15616772,0.41206977,0.13991341,0.02130924,0.08990972,0.37846848,1.01706588,0.01897206,0.37746638,0.91695261,0.04366942,0.02584172,0.05918075,0.11171408,0.1222221,3.43870854,0.15458496,0.05960938,0.0,0.0,0.0,0.94804662,10.92037201,5.9609375,30,1,False,725,425,0.8,1e-05,222.38357544,5.40440371,1.03096293,False,False
"[24, 30, 68, 74, 90, 98]",6,154.40942383,156.31141995,5.09189663,2.9804616,1.72640134,1.39858818,0.77870622,-2.29621339,2.29621339,0,0.0,0.00981805,0.02923218,-0.05203326,11.28554344,0.2040959,0.04441158,0.14024225,0.00404676,0.11285543,0.21333966,0.00596177,0.02170205,0.04323013,0.09268463,0.72641784,0.02354819,0.03108439,0.03927161,0.07776907,0.62975377,11.28554344,0.02634717,0.04515124,0.20409589,0.16679671,0.42511103,0.14024225,0.02332034,0.09383373,0.3859629,0.97673291,0.0225163,0.39378875,0.8778758,0.04441157,0.0269548,0.06423616,0.10239525,0.1246953,3.37603855,0.13407071,0.05960938,0.0,0.0,0.0,0.95527327,11.28554344,5.9609375,31,1,False,750,450,0.8,1e-05,173.86132812,5.15825802,1.02210691,False,False
"[24, 30, 68, 74, 90, 98]",6,151.62289429,152.85190054,5.0270057,3.00234413,1.73272737,1.41888607,0.77708148,-2.32339525,2.32339525,0,0.0,0.0,0.01804637,-0.06489093,11.18451881,0.19851883,0.04216887,0.14197049,0.00292445,0.11184519,0.21542385,0.00528905,0.0206249,0.04105232,0.09107774,0.75309932,0.01956755,0.02799042,0.03831483,0.07821013,0.64205283,11.18451977,0.0243232,0.04128672,0.19851883,0.15896508,0.41425845,0.14197049,0.02344366,0.09949411,0.39282113,0.999026,0.02244469,0.38821965,0.90243077,0.04216887,0.02489419,0.06008487,0.10369643,0.12123933,3.38674879,0.14428446,0.05988281,0.0,0.0,0.0,0.98144519,11.18451977,5.98828125,32,1,False,775,475,0.8,1e-05,162.62825012,5.09146692,0.98348664,False,True
"[24, 30, 68, 74, 90, 98]",6,147.59960938,149.29031128,4.97566673,2.96675706,1.72242766,1.39917576,0.77972375,-2.31487107,2.31487107,0,0.0,0.0118531,0.02653481,-0.05133897,11.03158379,0.19157133,0.03959608,0.14355767,0.003167,0.11031584,0.21737362,0.00450951,0.01906407,0.0390717,0.08817323,0.77336812,0.01738275,0.02576079,0.03510435,0.07986996,0.65767765,11.03158474,0.02218158,0.03765298,0.19157133,0.15130034,0.41133404,0.14355767,0.02437045,0.10372977,0.38944846,1.00167263,0.02467056,0.39552978,0.90676445,0.03959607,0.0226422,0.05681599,0.10103463,0.11941486,3.41039681,0.13755353,0.05988281,0.0,0.0,0.0,0.98124993,11.03158474,5.98828125,33,1,False,800,500,0.8,1e-05,133.59329224,4.89480005,0.97897631,False,True
"[24, 30, 68, 74, 90, 98]",6,144.28945923,145.80004067,5.01120383,2.9533906,1.71854316,1.38919353,0.78071619,-2.30583882,2.30583882,0,0.0,0.00450541,0.02242655,0.0355371,10.92628384,0.18636705,0.03714927,0.14484543,0.00263393,0.10926283,0.21877515,0.00368877,0.01736252,0.03704596,0.0871414,0.77232152,0.01301413,0.0232775,0.03324232,0.08110649,0.67383748,10.92628193,0.02034206,0.03900127,0.18636705,0.14428535,0.40800226,0.14484541,0.02575228,0.10925698,0.3896423,1.00768209,0.02524265,0.39109647,0.90050358,0.03714927,0.02068597,0.05457534,0.10173462,0.10871636,3.41491389,0.12148503,0.05984375,0.0,0.0,0.0,0.98476559,10.92628193,5.984375,34,1,False,825,525,0.8,1e-05,140.36515808,4.9442473,1.03864638,False,False
"[24, 30, 68, 74, 90, 98]",6,141.72320557,142.43615238,5.04451288,2.94488907,1.71606791,1.3900404,0.78134741,-2.32265472,2.32265472,0,0.0,0.00287857,0.01778545,0.03330905,10.91999435,0.18391758,0.03592955,0.14729014,0.0025621,0.10919993,0.22021268,0.00333517,0.01680208,0.03637206,0.0879221,0.80797613,0.01268075,0.02189858,0.03275719,0.08300969,0.69346988,10.91999435,0.01911529,0.03462433,0.18391758,0.14131728,0.40675265,0.14729014,0.02785593,0.11705289,0.39518079,1.00686622,0.02548116,0.39702004,0.90577668,0.03592954,0.02193662,0.05388855,0.08750764,0.11105669,3.40394378,0.11380462,0.06007813,0.0,0.0,0.0,0.99628901,10.91999435,6.0078125,35,1,False,850,550,0.8,1e-05,180.50558472,5.19576172,1.0414557,False,False
"[24, 30, 68, 74, 90, 98]",6,136.89929199,139.1033419,5.04868249,2.94677544,1.71661744,1.38496399,0.78120735,-2.32944584,2.32944584,0,0.0,0.0,0.03403757,0.00416961,10.92737103,0.18211935,0.03438681,0.15009397,0.00224167,0.10927369,0.22129314,0.00301795,0.01593655,0.03610138,0.08884379,0.79948765,0.01199219,0.01928543,0.03182765,0.08661877,0.71289992,10.92737007,0.01756456,0.03489107,0.18211935,0.13756101,0.40648836,0.15009399,0.0313592,0.12535504,0.39329454,1.00649285,0.02927912,0.40278572,0.90565628,0.0343868,0.01910857,0.04852159,0.08826572,0.10644078,3.40306926,0.11683629,0.05992188,0.0,0.0,0.0,0.99238276,10.92737007,5.9921875,36,1,False,875,575,0.8,1e-05,163.98835754,5.09979543,1.11732662,False,False
"[24, 30, 68, 74, 90, 98]",6,134.73617554,135.60882327,5.03599513,2.94327617,1.7155979,1.3885088,0.78146717,-2.29033995,2.29033995,0,0.0,0.00118749,0.01580079,-0.01268736,10.89667988,0.17982005,0.03226123,0.15257122,0.00231133,0.10896681,0.2221444,0.00258129,0.01500709,0.03529524,0.08921008,0.82858634,0.01041466,0.01714279,0.03200645,0.0844624,0.72526824,10.89668083,0.01609772,0.03095232,0.17982002,0.13460194,0.40435806,0.15257122,0.03442406,0.13650247,0.39481154,0.99953288,0.02990708,0.38920951,0.90200061,0.03226123,0.01884871,0.04394607,0.09560253,0.10020059,3.38452435,0.12271769,0.06,0.0,0.0,0.0,0.99609375,10.89668083,6.0,37,1,False,900,600,0.8,1e-05,142.42713928,4.95883057,1.09266706,False,False
"[24, 30, 68, 74, 90, 98]",6,131.48649597,132.55723542,5.03577487,2.91414618,1.70708705,1.38127303,0.78363001,-2.30845261,2.30845261,0,0.0,0.00989713,0.02411883,-0.00022026,10.83113003,0.17615002,0.03160027,0.15628827,0.00234968,0.10831129,0.22309726,0.00204411,0.01331917,0.03428692,0.08906818,0.83655661,0.00827765,0.01532899,0.03224055,0.084736,0.74374425,10.83113098,0.0159415,0.03380179,0.17615002,0.12990907,0.40159822,0.15628824,0.03766296,0.14678979,0.4034602,0.99581957,0.03315365,0.40478057,0.91430569,0.03160027,0.01916289,0.0419139,0.08418425,0.10360427,3.40357065,0.11375386,0.06007813,0.0,0.0,0.0,0.99238276,10.83113098,6.0078125,38,1,False,925,625,0.8,1e-05,143.50743103,4.96638682,1.14438467,False,False
"[24, 30, 68, 74, 90, 98]",6,128.90652466,129.68326082,5.14359921,2.91503382,1.70734701,1.3780818,0.78356411,-2.30839682,2.30839682,0,0.0,0.0,0.01962157,0.10782434,10.71041298,0.17199121,0.02948879,0.15781961,0.00252413,0.10710414,0.22376734,0.00171686,0.01223843,0.0329798,0.08759971,0.86060882,0.00695994,0.01334059,0.03152593,0.08378925,0.75751269,10.71041393,0.01416662,0.03120194,0.17199123,0.12649781,0.39695486,0.1578196,0.04054448,0.15374418,0.3982541,0.98912662,0.03571061,0.39950565,0.89835948,0.02948879,0.01886405,0.03815627,0.0827479,0.09826317,3.39216924,0.11526755,0.06,0.0,0.0,0.0,0.99628901,10.71041393,6.0,39,1,False,950,650,0.8,1e-05,250.49943542,5.52345667,1.20338966,False,False
"[24, 30, 68, 74, 90, 98]",6,126.44338989,126.95778481,5.17634039,2.9032588,1.70389518,1.37813139,0.78443838,-2.3279388,2.3279388,0,0.0,0.00403941,0.01910791,0.03274118,10.60841942,0.16779421,0.02722437,0.16093875,0.00233738,0.1060842,0.2247504,0.00133185,0.01141699,0.03163644,0.08599717,0.86299378,0.00602403,0.0120761,0.03077463,0.08170709,0.78623408,10.60842037,0.01291344,0.02851719,0.16779421,0.12100039,0.39061925,0.16093875,0.0434743,0.16101557,0.40384188,1.00473368,0.04103106,0.39962929,0.92650694,0.02722437,0.01822883,0.03305878,0.07795378,0.09000818,3.40432787,0.11307525,0.05996094,0.0,0.0,0.0,0.99628901,10.60842037,5.99609375,40,1,False,975,675,0.8,1e-05,473.20349121,6.15952551,1.35288567,False,False
"[24, 30, 68, 74, 90, 98]",6,123.74342346,124.46318692,5.07306589,2.90564537,1.70459537,1.37623584,0.78426118,-2.29847956,2.29847956,0,0.0,0.0,0.02135316,-0.10327451,10.34796047,0.16007523,0.02593036,0.16171755,0.00333502,0.10347959,0.22545722,0.00094481,0.0099195,0.02966877,0.08159629,0.89233798,0.0042955,0.01063392,0.02918021,0.08131063,0.80454522,10.34796047,0.01125414,0.02627961,0.1600752,0.11450242,0.37882361,0.16171755,0.0458978,0.16598783,0.39715964,0.99754614,0.04293311,0.39983994,0.91830504,0.02593037,0.01658296,0.03283119,0.07185506,0.08889717,3.4020896,0.12883428,0.05992188,0.0,0.0,0.0,0.99257809,10.34796047,5.9921875,41,1,False,1000,700,0.8,1e-05,170.94448853,5.14133888,1.24521623,False,False
"[24, 30, 68, 74, 90, 98]",6,121.84278107,122.41401336,5.15910478,2.91797733,1.70820881,1.38384831,0.78334556,-2.31224155,2.31224155,0,0.0,0.0,0.01535954,0.0860389,10.2683897,0.15723799,0.024916,0.16389599,0.00190065,0.10268388,0.22592486,0.00075976,0.00935083,0.02901067,0.07959646,0.89963841,0.00339561,0.01056429,0.0291412,0.0761096,0.81933534,10.26838875,0.01176889,0.02727529,0.15723799,0.11213227,0.37561396,0.16389596,0.04880346,0.1758426,0.40439975,0.990803,0.05024723,0.39863616,0.92157292,0.024916,0.01657316,0.0313773,0.06614344,0.08208132,3.39430189,0.1135953,0.05996094,0.0,0.0,0.0,0.99609375,10.26838875,5.99609375,42,1,False,1025,725,0.8,1e-05,198.66764832,5.29163332,1.35087226,False,False
"[24, 30, 68, 74, 90, 98]",6,120.33744812,120.95264865,5.16588149,2.92616272,1.71060303,1.38469303,0.78273781,-2.3170135,2.3170135,0,0.0,0.0,0.01235472,0.00677671,10.35911846,0.15859674,0.02608277,0.1684168,0.00166056,0.10359118,0.22647844,0.00065759,0.00919216,0.03000264,0.08136863,0.90600866,0.0030394,0.01083866,0.03001755,0.07720018,0.83677143,10.35911751,0.01184885,0.02910861,0.15859674,0.11532003,0.37741554,0.16841678,0.05277513,0.18598697,0.41591507,0.98623967,0.05331882,0.41865814,0.92075038,0.02608278,0.01787538,0.03176967,0.06580605,0.0831675,3.4234879,0.13125794,0.05992188,0.0,0.0,0.0,0.99238276,10.35911751,5.9921875,43,1,False,1050,750,0.8,1e-05,181.00419617,5.19852021,1.35768111,False,False
"[24, 30, 68, 74, 90, 98]",6,118.29499054,118.99929938,5.16662518,2.92072845,1.70901388,1.38235879,0.78314129,-2.29268742,2.29268742,0,0.0,0.00185713,0.01697275,0.00074369,10.24141312,0.15469155,0.02399779,0.16897245,0.00239527,0.10241411,0.22724393,0.0004829,0.00871491,0.02965154,0.07822187,0.92554492,0.00262736,0.01055206,0.02934071,0.07454945,0.85741603,10.24141121,0.01053019,0.02683059,0.15469158,0.11456923,0.36901829,0.16897245,0.05630487,0.18778935,0.40939295,0.98767489,0.0572225,0.40233174,0.91980189,0.0239978,0.01751009,0.02939557,0.0608837,0.07996651,3.4147222,0.12467622,0.05996094,0.0,0.0,0.0,0.99609375,10.24141121,5.99609375,44,1,False,1075,775,0.8,1e-05,137.61611938,4.92446807,1.38364375,False,False
"[24, 30, 68, 74, 90, 98]",6,117.54079437,117.65655169,5.2014699,2.94806051,1.7169917,1.38686895,0.78111194,-2.31970119,2.31970119,0,0.0,0.0,0.00637555,0.03484472,10.3509531,0.1570828,0.02419193,0.17241821,0.00173323,0.10350953,0.22761194,0.00043501,0.00877476,0.03137453,0.07938225,0.93599308,0.00223595,0.01077576,0.03187716,0.07614957,0.87016654,10.35095406,0.01048175,0.02605565,0.15708278,0.12020796,0.3725926,0.17241821,0.06204404,0.19616511,0.42007482,0.96759319,0.06106608,0.41805339,0.90036798,0.02419193,0.01693776,0.02920144,0.06075891,0.09042969,3.41500974,0.12944789,0.06,0.0,0.0,0.0,0.99609375,10.35095406,6.0,45,1,False,1100,800,0.8,1e-05,165.19497681,5.10712645,1.32440134,False,False
"[24, 30, 68, 74, 90, 98]",6,117.36714172,116.75239477,5.32000537,2.93992519,1.71462101,1.38348556,0.78171597,-2.30685449,2.30685449,0,0.0,0.00275955,0.00147738,0.11853548,9.97562981,0.14601964,0.02372984,0.17282964,0.00429844,0.0997563,0.22848098,0.00023874,0.00720216,0.02820865,0.07189287,0.95322973,0.00150989,0.00902537,0.02901012,0.06939164,0.89046395,9.97562981,0.0098153,0.02680654,0.14601964,0.11060855,0.35240763,0.17282964,0.06200706,0.1935076,0.41565365,0.99179024,0.05797957,0.40932056,0.92627454,0.02372984,0.01628598,0.02953918,0.05444032,0.08387961,3.45825815,0.13547765,0.05988281,0.0,0.0,0.0,0.99238276,9.97562981,5.98828125,46,1,False,1125,825,0.8,1e-05,333.07406616,5.80836489,1.40975055,False,False
"[24, 30, 68, 74, 90, 98]",6,115.26442719,115.58611903,5.44333649,2.94925404,1.71733923,1.38897204,0.78102332,-2.30943489,2.30943489,0,0.0,0.0,0.0179157,0.12333112,10.13328457,0.15031546,0.02289075,0.17499815,0.0018549,0.10133286,0.2285483,0.00024011,0.00790042,0.03019017,0.07456534,0.96073753,0.00137404,0.00846303,0.03163879,0.07117815,0.89678055,10.13328457,0.01071394,0.02583456,0.15031546,0.11803484,0.35648462,0.17499813,0.06849983,0.1982289,0.41847491,0.97295362,0.06850263,0.40625066,0.91295397,0.02289074,0.01690049,0.02757241,0.05005556,0.08352043,3.43476129,0.12764329,0.05992188,0.0,0.0,0.0,0.99609375,10.13328457,5.9921875,47,1,False,1150,850,0.8,1e-05,576.16345215,6.35639139,1.59990298,False,False
"[24, 30, 68, 74, 90, 98]",6,113.64646149,114.4086041,5.3434695,3.00407553,1.73322691,1.40420246,0.77695292,-2.36372542,2.36372542,0,0.0,0.0,0.01403699,-0.09986699,10.38253689,0.15724136,0.02298636,0.17689629,0.00268374,0.10382535,0.22838306,0.00026489,0.00874616,0.03334204,0.07869317,0.9604972,0.00150699,0.00874857,0.03443191,0.07438789,0.90120977,10.38253403,0.01080363,0.02435076,0.15724136,0.1291388,0.36561716,0.17689629,0.07459424,0.20526327,0.42283034,0.93725014,0.07517442,0.40514734,0.88881105,0.02298636,0.01701139,0.02727747,0.05207645,0.0822877,3.38659286,0.12386604,0.05992188,0.0,0.0,0.0,0.99257809,10.38253403,5.9921875,48,1,False,1175,875,0.8,1e-05,191.5705719,5.25525626,1.45721731,False,False
"[24, 30, 68, 74, 90, 98]",6,113.43845367,113.37066751,5.3023557,2.95132351,1.71794165,1.38685334,0.78086967,-2.3277669,2.3277669,0,0.0,0.01756015,0.00183031,-0.0411138,9.96870422,0.14469723,0.02198035,0.17767286,0.00478232,0.09968704,0.22957644,0.00014762,0.00691262,0.02966309,0.07021785,0.97310019,0.00087779,0.00646834,0.03100679,0.06638396,0.92680693,9.96870327,0.00957616,0.02463118,0.14469723,0.11746179,0.34317365,0.17767286,0.07346202,0.20081954,0.42357311,0.97210217,0.07278318,0.40325698,0.92366755,0.02198036,0.01573256,0.02720223,0.04268989,0.08570629,3.45660114,0.13941443,0.05992188,0.0,0.0,0.0,0.99609375,9.96870327,5.9921875,49,1,False,1200,900,0.8,1e-05,483.26419067,6.18056348,1.47491639,False,False
"[24, 30, 68, 74, 90, 98]",6,111.92745972,112.29491428,5.13709885,2.97050357,1.72351489,1.39108789,0.77944558,-2.34508872,2.34508872,0,0.0,0.0,0.01331994,-0.16525685,10.10148716,0.14835949,0.0210597,0.18067351,0.00159768,0.10101486,0.2296093,0.00014497,0.00765867,0.03139793,0.07250436,0.9806481,0.00077125,0.00763608,0.03259439,0.07001109,0.9302485,10.10148621,0.00917642,0.02277836,0.14835949,0.12358405,0.34755901,0.18067352,0.07931615,0.20698936,0.43028614,0.9600963,0.0786902,0.41260728,0.91578382,0.0210597,0.01541578,0.02561674,0.0428503,0.09143702,3.45162368,0.12318988,0.06,0.0,0.0,0.0,0.99628901,10.10148621,6.0,50,1,False,1225,925,0.8,1e-05,177.23591614,5.1774817,1.35858424,False,False
"[24, 30, 68, 74, 90, 98]",6,110.61639404,111.52682853,5.2845759,2.97595978,1.72509703,1.39234769,0.77904047,-2.35775471,2.35775471,0,0.0,0.0,0.01171353,0.14747705,10.07866859,0.14748172,0.02147257,0.18078882,0.00124774,0.10078666,0.22992153,0.00011293,0.00786054,0.03153564,0.07177702,0.98438615,0.00081486,0.00867519,0.03274111,0.07181356,0.93833899,10.07866669,0.00960695,0.02285273,0.14748174,0.12417238,0.34412137,0.18078884,0.08141743,0.20577967,0.43008068,0.95137841,0.08066687,0.40982428,0.90580857,0.02147257,0.01624583,0.02751135,0.04395166,0.08459307,3.42644954,0.12965021,0.06,0.0,0.0,0.0,1.0,10.07866669,6.0,51,1,False,1250,950,0.8,1e-05,201.08662415,5.30373578,1.42338769,False,False
"[24, 30, 68, 74, 90, 98]",6,111.01260376,110.98877135,5.32438673,2.97404957,1.72454329,1.38940883,0.7791823,-2.34333134,2.34333134,0,0.0,0.00064188,0.0,0.03981083,10.00004101,0.14506935,0.02121283,0.18005159,0.00148168,0.10000041,0.23023631,8.708e-05,0.00798489,0.03088475,0.07054313,0.99014151,0.0006739,0.00956074,0.03246027,0.0732872,0.94625372,10.00004101,0.00988629,0.0241842,0.14506935,0.12154308,0.33853093,0.18005158,0.08037865,0.20107695,0.42080382,0.94574481,0.07957681,0.40078136,0.906223,0.02121283,0.01654482,0.02598101,0.0406368,0.08367234,3.42640996,0.12715328,0.06007813,0.0,0.0,0.0,1.0,10.00004101,6.0078125,52,1,False,1275,975,0.8,1e-05,246.43058777,5.50708036,1.40207323,False,False
"[24, 30, 68, 74, 90, 98]",6,109.09141541,109.94115326,5.25343139,2.9835391,1.72729242,1.39098573,0.77847772,-2.33861399,2.33861399,0,0.0,0.0,0.01730604,-0.07095534,9.96114254,0.14403492,0.02039851,0.18134663,0.00114433,0.09961143,0.23036355,6.947e-05,0.00852787,0.03061794,0.07004366,0.98774314,0.00053608,0.01088738,0.03227746,0.07367732,0.95591027,9.96114349,0.0092379,0.02253388,0.14403494,0.12203572,0.3335174,0.18134663,0.08141783,0.2021227,0.42610526,0.93644375,0.08378892,0.40549591,0.89780635,0.02039852,0.01530557,0.02456824,0.03848697,0.08780678,3.41604471,0.12587851,0.06,0.0,0.0,0.0,0.99628901,9.96114349,6.0,53,1,False,1300,1000,0.8,1e-05,156.14205933,5.05076623,1.3926716,False,False
"[24, 30, 68, 74, 90, 98]",6,110.24810028,109.02567989,5.39143369,2.97694731,1.72538323,1.38983631,0.77896715,-2.3417325,2.3417325,0,0.0,0.00220939,0.0,0.1380023,9.97182083,0.14395106,0.02001986,0.18419531,0.00112544,0.09971821,0.23070507,6.313e-05,0.00886996,0.03118084,0.07020268,0.99315643,0.00037832,0.01147276,0.0330712,0.07344566,0.96553266,9.97182083,0.00827922,0.02030275,0.14395107,0.12333788,0.33317095,0.18419532,0.08402655,0.20561692,0.4327451,0.94492525,0.08215853,0.41356409,0.90434492,0.02001986,0.0151178,0.02428277,0.03667613,0.09379508,3.43161678,0.11222006,0.05996094,0.0,0.0,0.0,0.99609375,9.97182083,5.99609375,54,1,False,1325,1025,0.8,1e-05,1120.28796387,7.02134104,1.73281371,False,False
"[24, 30, 68, 74, 90, 98]",6,108.07807922,108.28746968,5.11747022,2.97484946,1.72477519,1.39178514,0.77912291,-2.31817937,2.31817937,0,0.0,0.0007047,0.01968307,-0.27396347,9.90651989,0.14220752,0.0202299,0.1844622,0.00147831,0.09906521,0.23077384,4.949e-05,0.00912308,0.03051267,0.06885498,0.99178642,0.00043634,0.01171334,0.03133777,0.07122546,0.97040898,9.90652084,0.00869875,0.02153069,0.14220752,0.12162338,0.32802171,0.1844622,0.0828964,0.20447484,0.4318336,0.94618112,0.08221818,0.41327962,0.90843618,0.0202299,0.01538936,0.02584399,0.03688403,0.08860637,3.42326856,0.11598275,0.05988281,0.0,0.0,0.0,0.99609375,9.90652084,5.98828125,55,1,False,1350,1050,0.8,1e-05,156.03031921,5.05005034,1.36193119,False,False
"[24, 30, 68, 74, 90, 98]",6,105.94054413,107.01792812,5.21335683,2.95589805,1.71927253,1.38360322,0.78053001,-2.32217884,2.32217884,0,0.0,0.00637055,0.01977769,0.09588661,9.81313229,0.13919699,0.01891704,0.18542467,0.00165797,0.09813133,0.23113817,3.294e-05,0.00860703,0.02959004,0.06746398,0.9955399,0.00023527,0.01061171,0.02949122,0.06842849,0.97571003,9.81313229,0.00838782,0.02042197,0.13919701,0.11887356,0.32191589,0.18542467,0.08247231,0.20404431,0.4325538,0.94374073,0.07700361,0.41524732,0.91441524,0.01891704,0.01487287,0.02364911,0.0336226,0.07437275,3.4380362,0.1171446,0.05996094,0.0,0.0,0.0,0.99628901,9.81313229,5.99609375,56,1,False,1375,1075,0.8,1e-05,215.81942749,5.37444207,1.46655065,False,False
"[24, 30, 68, 74, 90, 98]",6,106.68005371,106.66570164,5.27588101,2.94421649,1.71587193,1.38132489,0.78139735,-2.34379244,2.34379244,0,0.0,0.00395195,0.0,0.06252418,9.71760082,0.13620825,0.0197288,0.18500254,0.00162183,0.09717601,0.23140061,2.34e-05,0.0076161,0.02920599,0.06560586,0.99653524,0.00018499,0.00938829,0.03063404,0.06652495,0.98083699,9.71759987,0.00908203,0.019817,0.13620827,0.11663782,0.31511861,0.18500255,0.08281619,0.20293838,0.42820555,0.94532788,0.0798553,0.40851507,0.91982943,0.0197288,0.01604291,0.025312,0.0360812,0.08309758,3.43922806,0.11937501,0.06,0.0,0.0,0.0,1.0,9.71759987,6.0,57,1,False,1400,1100,0.8,1e-05,251.30839539,5.52668085,1.38434788,False,False
"[24, 30, 68, 74, 90, 98]",6,105.69213104,106.11753561,5.25326283,2.97718954,1.72545343,1.38900864,0.77894916,-2.35966825,2.35966825,0,0.0,0.0,0.00926061,-0.02261818,9.91793919,0.14151789,0.01898317,0.19020939,0.00213091,0.0991794,0.23135202,2.801e-05,0.00787695,0.03125614,0.06994849,0.99685192,0.00019312,0.00915809,0.03185935,0.07151977,0.98474872,9.91794014,0.00847095,0.01835207,0.14151791,0.12322742,0.32461891,0.1902094,0.09145293,0.21456176,0.44198999,0.92159772,0.08742617,0.42288524,0.89443028,0.01898317,0.0150448,0.02315742,0.03255348,0.0772981,3.43325329,0.12442569,0.06,0.0,0.0,0.0,1.0,9.91794014,6.0,58,1,False,1425,1125,0.8,1e-05,276.07165527,5.62066045,1.47131284,False,False
"[24, 30, 68, 74, 90, 98]",6,104.99523163,105.08639717,5.14525112,2.96471119,1.72183367,1.38698006,0.77987565,-2.31125689,2.31125689,0,0.0,0.00419132,0.00659367,-0.10801172,9.80397511,0.13891365,0.02024639,0.1903608,0.00152754,0.09803976,0.23103373,2.116e-05,0.00678488,0.03074217,0.06885359,0.99747801,0.00017579,0.0079798,0.03072548,0.07149124,0.98674428,9.80397511,0.00872852,0.02092513,0.13891365,0.12105867,0.31987089,0.1903608,0.09194537,0.21617591,0.44131783,0.93317556,0.08950602,0.41992843,0.90370005,0.02024639,0.01538506,0.0246523,0.03518866,0.0801986,3.44114542,0.12547809,0.05980469,0.0,0.0,0.0,0.99609375,9.80397511,5.98046875,59,1,False,1450,1150,0.8,1e-05,149.32298279,5.00611163,1.40232945,False,False
"[24, 30, 68, 74, 90, 98]",6,104.1139679,104.68984258,5.3727565,2.93882513,1.71430019,1.37875724,0.78179765,-2.34154773,2.34154773,0,0.0,0.00873139,0.00839337,0.22750538,9.7436924,0.13630405,0.01915331,0.19119734,0.00122815,0.09743693,0.23160304,1.5e-05,0.00600196,0.030105,0.06793375,0.99845952,0.00010953,0.00675709,0.03034355,0.07115101,0.98881632,9.7436924,0.00836694,0.0185166,0.13630405,0.11804067,0.31408027,0.19119732,0.09253695,0.21871293,0.44242328,0.93464017,0.09112126,0.41947237,0.90995932,0.01915331,0.01587451,0.02546407,0.03512713,0.06814533,3.45531869,0.11793666,0.06,0.0,0.0,0.0,1.0,9.7436924,6.0,60,1,False,1475,1175,0.8,1e-05,194.79234314,5.27193408,1.53758986,False,False
"[24, 30, 68, 74, 90, 98]",6,103.33731079,103.91503914,5.19741562,2.96020079,1.7205234,1.38458848,0.78021054,-2.35043716,2.35043716,0,0.0,0.0,0.00745968,-0.17534088,9.80992031,0.13819399,0.01907959,0.19261318,0.0008982,0.09809921,0.23148392,1.415e-05,0.0059225,0.03122042,0.06964875,0.99871457,0.00011404,0.00632589,0.03141759,0.07311154,0.99029458,9.80992031,0.00819281,0.01793675,0.13819399,0.12114862,0.31841868,0.19261318,0.09560575,0.22399211,0.44712377,0.92424822,0.09546129,0.42354441,0.8923009,0.01907959,0.01559163,0.02501443,0.03556541,0.07502031,3.44600391,0.1141152,0.05996094,0.0,0.0,0.0,0.99628901,9.80992031,5.99609375,61,1,False,1500,1200,0.8,1e-05,131.63581848,4.88003916,1.4607881,False,False
